2000095000957
2000113001443
2000159003159
2000245006723
2000291009207
2000341012519
2000355013673
2000409019019
2000449022197
2000471024327
2000519030267
2000575038247
2000595041327
2000613043811
2000647049551
2000683055071
2000695057297
2000743064911
2000789072459
2000799074129
2000849082719
2000887089301
2000903093411
2000935099687
2000977109863
2001019117549
2001085132447
2001115139827
2001149147447
2001175152877
2001187156021
2001219166439
2001235170553
2001269178929
2001283183183
2001305191763
2001403225141
2001417229871
2001533263133
2001595279777
2001621291599
2001667313431
2001751344469
2001787364191
2001811372837
2001857389151
2001891404207
2001901409239
2001949428769
2001991448539
2002027462231
2002037467631
2002075486843
2002113505121
2002147524841
2002209553007
2002253583461
2002339620319
2002417670551
2002489716079
2002585768483
2002633795333
2002639798909
2002671818627
2002681825699
2002741856107
2002783878883
2002827908891
2002879955077
2002911976619
2003006033923
2003020044029
2003042058499
2003100099899
2003134130381
2003198182771
2003226206117
2003246223157
2003282248159
2003350294559
2003392328549
2003422355489
2003448381941
2003468400133
2003528453491
2003578494713
2003654553091
2003672568127
2003708596453
2003726613667
2003780663827
2003802684179
2003848717571
2003888747881
2003956800407
2004008853271
2004034873241
2004070906289
2004092925859
2004124956401
2004134967301
2004165002443
2004207035317
2004241074149
2004279106891
2004305128121
2004323145689
2004333157117
2004385214981
2004407233613
2004475305341
2004513339799
2004539362121
2004577407347
2004637464623
2004677511173
2004733560779
2004755588921
2004797628653
2004813650659
2004849689923
2004871715939
2004927778837
2004975846691
2005037906453
2005059930571
2005089964951
2005154040947
2005188082643
2005280216213
2005296237353
2005382345489
2005426406371
2005486480771
2005570567783
2005606610173
2005624636219
2005678724227
2005700760911
2005738811353
2005816938481
2005838966723
2005985125849
2006069250667
2006093283787
2006109304817
2006133341519
2006187406733
2006215455269
2006237495461
2006271552821
2006341645151
2006409727043
2006439767093
2006477823871
2006489841487
2006503859639
2006523886667
2006545914239
2006571954041
2006608007681
2006664085339
2006690129663
2006704155947
2006768252141
2006840374523
2006918476193
2006958537511
2007022669181
2007050712467
2007070753673
2007108831751
2007162903331
2007206984297
2007295102987
2007305122259
2007321151487
2007347208407
2007385277299
2007395296787
2007429344213
2007485423219
2007541506787
2007595625059
2007647713289
2007667749379
2007723865661
2007767944319
2007787981009
2007816037739
2007842080987
2007870133751
2007894181001
2007920233441
2007938270179
2007996360299
2008052468083
2008080522263
2008100560441
2008182692003
2008192708997
2008268853649
2008282876757
2008359018247
2008423118873
2008443163417
2008457186909
2008471220141
2008519307387
2008561393301
2008623525127
2008629536827
2008641560251
2008701692653
2008751807753
2008779856777
2008801898903
2008842001811
2008912126051
2008928166689
2008960248109
2008992324791
2009020385299
2009056449151
2009074486147
2009106563801
2009156674073
2009172710693
2009226838511
2009234856953
2009337051713
2009355089873
2009423236411
2009463351341
2009507442721
2009559548369
2009591619667
2009681795239
2009701846319
2009762016029
2009808142873
2009822170637
2009830190267
2009888313263
2009914373561
2010024581011
2010042621967
2010054654841
2010140819927
2010182905127
2010220988999
2010239030651
2010275114171
2010349311961
2010427483717
2010463568797
2010475603111
2010501660887
2010539782763
2010549804701
2010569866211
2010613979659
2010664102229
2010696169871
2010710199871
2010758316607
2010856564571
2010878622763
2010978856157
2011006923803
2011071069253
2011111192451
2011193359589
2011223429207
2011249497353
2011281580951
2011299639703
2011317685723
2011349789063
2011456021357
2011492108063
2011534203967
2011582322461
2011612421023
2011630461553
2011646501339
2011730796377
2011756880839
2011792996513
2011827098399
2011861174277
2011943386381
2011967471347
2012039673781
2012121862013
2012143913261
2012188057169
2012214124381
2012256281689
2012276346329
2012340536191
2012366597609
2012410723403
2012454877093
2012601238283
2012623305787
2012683477627
2012703544547
2012721596351
2012765725661
2012797813489
2012884065827
2012898116279
2012940224639
2012962301201
2013020469319
2013054589067
2013150837017
2013180918899
2013217026323
2013323326661
2013341380877
2013367461851
2013393550591
2013417615673
2013457734551
2013475789307
2013557990393
2013580055107
2013652252429
2013712405357
2013742489999
2013770582099
2013808735093
2013844863361
2013886986547
2013905042911
2013955194431
2014019376961
2014049471761
2014107677633
2014135763951
200001810001817
200002390003399
200002890005687
200003370008201
200003450008883
200004070011661
200004550014553
200005270018063
200005510021297
200006010026429
200006530037191
200006750039933
200007010043089
200007670048783
200008490057969
200009110074337
200009350078897
200009690088209
200010270101951
200011650125993
200011990133947
200012090137259
200012250142127
200012890157287
200013510168119
200014130182043
200015190205799
200015410212169
200015950229593
200016750250127
200017310279279
200017570291051
200018050314157
200018770345561
200018890350337
200019730382851
200019830388251
200020090398019
200020490420147
200020630425043
200020910434907
200021250457037
200021590477549
200022010491547
200022390512159
200022970545523
200023270564291
200023550575883
200024050600243
200024470618171
200024650629733
200024990657369
200025330683183
200025730704781
200026630745731
200027070774203
200027590804357
200027730811313
200028170832041
200028470854973
200028850874803
200029790919269
200030410950199
200030950993537
200031311015119
200031711044027
200033571144053
200033831169583
200033891173939
200034271214213
200034611244199
200034831262583
200034931269161
200035411319879
200035951353053
200036211374327
200037011459059
200037731508961
200038551563867
200038951602617
200039291639689
200040151702583
200040291719027
200040771758141
200041351805573
200041451816737
200041851845243
200042151869237
200042431893791
200043031952801
200043491987947
200044032053071
200044272086413
200045232176563
200045772257791
200046252302737
200046972390073
200047512452989
200048392523339
200049252616537
200049592648457
200050272753391
200050852841867
200051972953361
200052573026231
200053213136377
200053513168279
200053993236397
200054133250793
200054373283343
200054613316037
200054753337893
200055073374553
200055213392939
200055753448433
200056613572019
200056833594791
200057353670887
200057793720977
200058853845517
200059913967839
200060173999711
200060454052133
200060854112783
200061674231233
200061854255953
200062194321917
200062574388241
200062874430241
200064014579239
200064414651749
200064554669137
200064994729949
200066434953851
200067075081661
200067195103879
200067375135193
200068515274609
200068795333499
200069175380551
200069355408427
200069715481939
200070455572877
200070795634027
200071235700863
200072475879841
200072635904171
200073015986209
200073916147999
200074056168047
200074156187743
200074516252297
200075056352077
200075656458043
200076556587373
200076936668753
200077096704379
200077616792849
200077956840647
200078156872283
200078576935931
200078896993909
200079757158167
200080317239717
200080457266567
200080757330863
200080937373631
200081337464933
200082857709613
200083537816391
200083677849683
200084658078553
200085018146929
200085398221199
200085698289359
200086258409717
200086398433249
200086698507499
200087178606481
200087658711373
200087998776647
200088378842881
200089479047681
200089939143901
200090359223203
200090979339773
200091519450149
200091679492483
200092219586509
200092339611301
200092599655439
200093239762921
200093759881487
200094700071467
200094860103337
200095860320453
200096500455947
200096800514549
200096960547103
200097640690691
200098440905453
200098780984601
200099481118861
200101181489291
200101641597811
200102241760411
200102521835297
200102681876333
200103842126933
200104422253157
200104822331119
200105402485187
200105882591801
200106662824163
200107062910907
200107362976133
200107643034421
200108123143387
200108223172139
200108443216271
200108863325177
200110043687401
200110303740239
200111003904619
200111484017281
200112044166761
200112244212341
200112684311431
200113224447979
200113464515977
200113684576661
200113904644559
200114064683053
200114484776281
200114764874363
200115365014727
200115565076047
200116645327831
200117305478449
200117905636249
200118245723531
200118545817923
200119586051953
200120106226757
200120486354281
200121366543863
200121746626363
200122706927449
200122946993353
200123387109293
200124567369823
200125167504487
200125407579649
200126227765649
200126567866853
200127048043823
200127708222917
200127988291573
200128468420303
200128708514209
200129148660191
200130148988443
200130309048869
200130589152653
200131109343457
200131569467513
200132049625661
200132829814679
200133009868139
200133169921367
200133590055041
200134050206791
200134790380601
200135870810153
200136070890863
200136491002031
200137051176373
200137411269769
200137711370767
200138191492933
200138651641193
200139211826929
200140072116167
200140452229631
200140792316021
200140932371957
200141472542597
200142112769429
200142332845417
200143113103639
200143473210217
200143873344893
200145773875373
200145973934393
200146434053549
200146654150501
