2000095000957
2000113001443
2000159003159
2000245006723
2000291009207
2000341012519
2000355013673
2000409019019
2000449022197
2000471024327
2000519030267
2000575038247
2000595041327
2000613043811
2000647049551
2000683055071
2000695057297
2000743064911
2000789072459
2000799074129
2000849082719
2000887089301
2000903093411
2000935099687
2000977109863
2001019117549
2001085132447
2001115139827
2001149147447
2001175152877
2001187156021
2001219166439
2001235170553
2001269178929
2001283183183
2001305191763
2001403225141
2001417229871
2001533263133
2001595279777
2001621291599
2001667313431
2001751344469
2001787364191
2001811372837
2001857389151
2001891404207
2001901409239
2001949428769
2001991448539
2002027462231
2002037467631
2002075486843
2002113505121
2002147524841
2002209553007
2002253583461
2002339620319
2002417670551
2002489716079
2002585768483
2002633795333
2002639798909
2002671818627
2002681825699
2002741856107
2002783878883
2002827908891
2002879955077
2002911976619
2003006033923
2003020044029
2003042058499
2003100099899
2003134130381
2003198182771
2003226206117
2003246223157
2003282248159
2003350294559
2003392328549
2003422355489
2003448381941
2003468400133
2003528453491
2003578494713
2003654553091
2003672568127
2003708596453
2003726613667
2003780663827
2003802684179
2003848717571
2003888747881
2003956800407
2004008853271
2004034873241
2004070906289
2004092925859
2004124956401
2004134967301
2004165002443
2004207035317
2004241074149
2004279106891
2004305128121
2004323145689
2004333157117
2004385214981
2004407233613
2004475305341
2004513339799
2004539362121
2004577407347
2004637464623
2004677511173
2004733560779
2004755588921
2004797628653
2004813650659
2004849689923
2004871715939
2004927778837
2004975846691
2005037906453
2005059930571
2005089964951
2005154040947
2005188082643
2005280216213
2005296237353
2005382345489
2005426406371
2005486480771
2005570567783
2005606610173
2005624636219
2005678724227
2005700760911
2005738811353
2005816938481
2005838966723
2005985125849
2006069250667
2006093283787
2006109304817
2006133341519
2006187406733
2006215455269
2006237495461
2006271552821
2006341645151
2006409727043
2006439767093
2006477823871
2006489841487
2006503859639
2006523886667
2006545914239
2006571954041
2006608007681
2006664085339
2006690129663
2006704155947
2006768252141
2006840374523
2006918476193
2006958537511
2007022669181
2007050712467
2007070753673
2007108831751
2007162903331
2007206984297
2007295102987
2007305122259
2007321151487
2007347208407
2007385277299
2007395296787
2007429344213
2007485423219
2007541506787
2007595625059
2007647713289
2007667749379
2007723865661
2007767944319
2007787981009
2007816037739
2007842080987
2007870133751
2007894181001
2007920233441
2007938270179
2007996360299
2008052468083
2008080522263
2008100560441
2008182692003
2008192708997
2008268853649
2008282876757
2008359018247
2008423118873
2008443163417
2008457186909
2008471220141
2008519307387
2008561393301
2008623525127
2008629536827
2008641560251
2008701692653
2008751807753
2008779856777
2008801898903
2008842001811
2008912126051
2008928166689
2008960248109
2008992324791
2009020385299
2009056449151
2009074486147
2009106563801
2009156674073
2009172710693
2009226838511
2009234856953
2009337051713
2009355089873
2009423236411
2009463351341
2009507442721
2009559548369
2009591619667
2009681795239
2009701846319
2009762016029
2009808142873
2009822170637
2009830190267
2009888313263
2009914373561
2010024581011
2010042621967
2010054654841
2010140819927
2010182905127
2010220988999
2010239030651
2010275114171
2010349311961
2010427483717
2010463568797
2010475603111
2010501660887
2010539782763
2010549804701
2010569866211
2010613979659
2010664102229
2010696169871
2010710199871
2010758316607
2010856564571
2010878622763
2010978856157
2011006923803
2011071069253
2011111192451
2011193359589
2011223429207
2011249497353
2011281580951
2011299639703
2011317685723
2011349789063
2011456021357
2011492108063
2011534203967
2011582322461
2011612421023
2011630461553
2011646501339
2011730796377
2011756880839
2011792996513
2011827098399
2011861174277
2011943386381
2011967471347
2012039673781
2012121862013
2012143913261
2012188057169
2012214124381
2012256281689
2012276346329
2012340536191
2012366597609
2012410723403
2012454877093
2012601238283
2012623305787
2012683477627
2012703544547
2012721596351
2012765725661
2012797813489
2012884065827
2012898116279
2012940224639
2012962301201
2013020469319
2013054589067
2013150837017
2013180918899
2013217026323
2013323326661
2013341380877
2013367461851
2013393550591
2013417615673
2013457734551
2013475789307
2013557990393
2013580055107
2013652252429
2013712405357
2013742489999
2013770582099
2013808735093
2013844863361
2013886986547
2013905042911
2013955194431
2014019376961
2014049471761
2014107677633
2014135763951
